"travelEndLocationId","no.ofemployeesleft"
438,22
1332,16
1774,16
868,9
1285,8
1763,8
1280,7
867,6
1747,6
1791,6
851,5
1305,5
1735,5
1742,5
1743,5
1757,5
1760,5
1764,5
409,4
888,4
1300,4
1317,4
1321,4
1327,4
1744,4
1758,4
420,3
434,3
1287,3
1292,3
1302,3
1306,3
1748,3
1754,3
1769,3
1792,3
1793,3
389,2
407,2
413,2
429,2
433,2
439,2
831,2
835,2
837,2
839,2
843,2
856,2
861,2
865,2
869,2
876,2
1279,2
1282,2
1290,2
1291,2
1315,2
1337,2
1739,2
1745,2
1756,2
1765,2
1766,2
1783,2
1790,2
1797,2
382,1
388,1
394,1
397,1
401,1
411,1
412,1
416,1
425,1
430,1
431,1
435,1
437,1
829,1
832,1
836,1
838,1
841,1
844,1
845,1
846,1
847,1
848,1
849,1
853,1
857,1
860,1
862,1
871,1
878,1
880,1
882,1
884,1
885,1
890,1
1281,1
1283,1
1289,1
1293,1
1301,1
1309,1
1310,1
1312,1
1314,1
1319,1
1320,1
1324,1
1326,1
1329,1
1330,1
1333,1
1336,1
1339,1
1340,1
1741,1
1746,1
1759,1
1770,1
1771,1
1779,1
1781,1
1784,1
1788,1
1795,1
