travelEndLocationId,tot_time,hourlyCost,maxOccupancy,location,buildingId
442,28597.0833333333,8.281103075,64,964.43802317132|3991.60347378421,556
443,28044.3333333333,6.41743539,64,1809.88017335787|4339.17242603545,29
444,19961.5,12.58180629,84,770.427904438798|932.585200321475,1012
892,30023.6666666667,11.64290518,96,-1524.95732116621|3815.27149011437,502
893,30383.0833333333,14.84047265,79,-1608.76641144993|3886.49247849546,164
894,24990.5833333333,12.31121004,72,-1702.53781555412|3865.47709084848,238
1342,55084.3333333333,14.14003653,77,-260.457470531391|5026.15080417936,429
1343,40257.8333333333,10.52497243,67,-501.426760627795|3551.57263864949,489
1344,65006.25,10.41529315,60,-225.920986645022|3878.05369762611,585
1798,39509.5,11.54535121,64,-3209.73813918762|6487.6576880651,953
1799,40072.1666666667,7.487081535,73,-3903.19407578079|5967.83698377348,234
1800,41681.6666666667,10.20684548,62,-3796.11985138919|6367.92207258208,627
