"participantId","travelEndLocationId"
30,407
30,876
40,420
40,862
40,1281
44,409
44,430
127,389
127,413
127,434
141,429
141,837
142,411
142,835
142,1763
154,438
154,1332
154,1747
161,434
161,888
161,1774
256,409
256,438
256,860
262,867
262,869
262,1305
267,849
267,884
267,1747
279,438
279,871
285,843
285,867
285,888
288,845
288,1321
288,1769
298,829
298,867
298,1791
301,865
301,868
346,837
346,841
352,856
352,869
356,438
356,851
372,429
372,867
380,861
380,867
380,1774
382,838
382,846
382,1321
383,438
383,843
383,857
384,832
384,878
392,836
392,876
392,1317
403,437
403,880
406,851
406,890
406,1774
407,847
407,888
407,1332
497,397
497,848
509,1279
509,1280
510,839
510,1310
512,1285
512,1329
512,1792
514,1285
514,1289
514,1332
523,438
523,1300
523,1336
526,1285
526,1339
526,1765
541,438
541,861
541,1306
558,1327
558,1340
558,1758
559,853
559,1301
567,1282
567,1763
568,865
568,1290
568,1320
572,1291
572,1315
572,1797
574,1300
574,1315
574,1332
575,831
575,1280
575,1757
576,435
576,1333
577,831
577,1312
577,1332
580,401
580,1292
580,1791
589,844
589,1327
595,1292
595,1305
595,1306
599,389
599,1337
599,1735
602,851
602,1287
602,1332
603,1285
603,1300
603,1317
604,439
604,1282
604,1774
605,409
605,1321
605,1792
611,1302
611,1332
615,1305
615,1324
615,1330
621,1300
621,1302
621,1739
628,1279
628,1283
628,1302
629,1287
629,1305
634,1293
634,1326
639,1280
639,1321
639,1774
640,885
640,1309
641,434
641,1327
641,1757
647,1292
647,1763
655,1280
655,1747
657,1280
657,1317
657,1764
658,438
658,1332
658,1337
663,1285
663,1290
663,1791
668,1305
668,1317
670,1291
670,1332
670,1756
756,868
756,1735
756,1743
757,438
757,1771
757,1788
760,1332
760,1765
761,868
761,1742
761,1743
762,433
762,438
762,1743
768,433
768,438
768,1781
773,1743
773,1763
773,1793
774,839
774,1742
774,1774
780,868
780,1754
782,438
782,1784
785,438
785,1745
785,1760
789,1332
789,1763
790,394
790,1743
790,1793
791,382
791,1332
791,1795
792,1744
792,1760
792,1793
793,412
793,1285
793,1741
794,1306
794,1754
794,1759
798,1314
798,1744
799,438
799,1783
799,1791
802,868
802,1748
802,1754
806,868
806,1744
806,1774
808,438
808,1748
808,1769
817,1763
817,1764
818,882
818,1332
818,1739
824,1742
824,1744
824,1760
825,438
825,1332
825,1764
827,420
827,438
827,1757
828,439
828,856
828,1756
831,868
831,1742
834,1763
834,1774
834,1790
839,868
839,1766
842,438
842,1797
846,425
846,868
847,1285
847,1764
847,1774
849,1319
849,1770
853,1287
853,1735
853,1774
856,1747
856,1763
858,431
858,1327
858,1783
859,1280
859,1285
859,1748
860,438
860,1792
862,388
862,1745
862,1774
864,1332
864,1742
867,438
867,1735
868,407
868,1747
872,1747
872,1758
875,1764
875,1774
884,1760
884,1766
884,1774
886,1735
886,1758
887,1280
887,1760
887,1769
896,888
896,1774
896,1790
897,835
897,1757
897,1774
900,413
900,851
900,1758
901,438
901,1774
901,1791
907,420
907,851
907,1791
916,867
916,1746
920,438
920,1332
920,1757
923,409
923,416
923,1779
